1 1 0.750000000000000 0.750000000000000 0.750000000000000
2 1 0.250000000000000 0.250000000000000 0.750000000000000
3 1 0.250000000000000 0.750000000000000 0.250000000000000
4 1 0.750000000000000 0.250000000000000 0.250000000000000
5 2 0.500000000000000 0.000000000000000 0.000000000000000
6 2 0.000000000000000 0.500000000000000 0.000000000000000
7 2 0.000000000000000 0.000000000000000 0.500000000000000
8 2 0.000000000000000 0.500000000000000 0.500000000000000
9 2 0.500000000000000 0.000000000000000 0.500000000000000
10 2 0.500000000000000 0.500000000000000 0.000000000000000
11 3 0.250000000000000 0.250000000000000 0.250000000000000
12 3 0.750000000000000 0.750000000000000 0.250000000000000
13 3 0.750000000000000 0.250000000000000 0.750000000000000
14 3 0.250000000000000 0.750000000000000 0.750000000000000
